3
19
21
0,5543342
0,4378254
0,9682729
0,5029265
0,5607367
0,7490163
0,4399748
0,7886646
0,8459652
0,2808076
0,3163967
0,5538812
0,6992227
0,008439264
0,4127005
0,4177522
0,9386891
0,9935573
0,4957675
0,5317037
0,02546034
0,3715692
0,3217087
0,380502
0,03170095
0,3801991
0,5790784
0,4086336
0,1136818
0,5997915
0,2813172
0,02494148
0,3415661
0,8861741
0,5251666
0,9607188
0,9090296
0,2334709
0,6745083
-122
98
1
100
-114
1
109
86
1
-121
-109
1
-80
15
1
73
-29
1
1
-1
-1
1
-1
-1
-1
1
-1
-1
1
-1
-1
-1
1
-1
-1
1
