3
19
21
0,2944168
0,3774838
0,9199803
0,00778193
0,6164697
0,2501372
0,8376021
0,3904993
0,383854
0,6691066
0,6284451
0,6814814
0,03379041
0,04670148
0,2457224
0,08248871
0,928742
0,7517216
0,2067428
0,5884365
0,3140759
0,5444293
0,8499859
0,3916112
0,08431603
0,5240135
0,4207974
0,554785
0,3772088
0,3261843
0,3283701
0,6358901
0,4894456
0,11794
0,3314554
0,005367464
0,2080729
0,9366099
0,3314793
-128
99
1
85
-89
1
-125
-96
1
101
90
1
-75
20
1
30
-19
1
1
-1
-1
1
-1
-1
-1
1
-1
-1
1
-1
-1
-1
1
-1
-1
1
